0.15478515625	12.8984375	0.5751953125	0.15472922404296696	0.0
0.150146484375	-386.75	343.5	0.1501399683766067	0.0
0.12493896484375	49.03125	8.2734375	0.12494554440490901	0.0
0.09539794921875	-86.1875	22.6875	0.0954036598559469	0.0
0.1126708984375	10.078125	0.35302734375	0.11268653511069715	0.0
0.09722900390625	-77.3125	17.84375	0.09725462039932609	0.0
0.0830078125	3.0078125	0.0750732421875	0.08298342186026275	0.0
0.080810546875	-54.5625	8.7734375	0.08078948222100735	0.0
0.1502685546875	-8.28125	0.4228515625	0.15024163573980331	0.0
0.08135986328125	67.5	19.828125	0.08133478788658977	0.0
0.08050537109375	65.0	16.859375	0.08053127117455006	0.0
0.095458984375	26.78125	2.62890625	0.09547768137417734	0.0
0.048858642578125	-24.9375	1.982421875	0.04886681865900755	0.0
0.12158203125	-18.90625	1.1923828125	0.12156954337842762	0.0
0.0841064453125	-0.53564453125	0.056732177734375	0.08407605090178549	0.0
0.08050537109375	15.3828125	0.849609375	0.0804960245732218	0.0
0.10888671875	7.34375	0.2056884765625	0.10887704789638519	0.0
0.1302490234375	-4.421875	0.1781005859375	0.13020714442245662	0.0
0.11578369140625	0.432861328125	0.081298828125	0.11579501628875732	0.0
0.10784912109375	0.765625	0.10211181640625	0.10787562816403806	0.0
0.1248779296875	1.08984375	0.09637451171875	0.12490579532459378	0.0
0.1163330078125	0.81689453125	0.0953369140625	0.11635252786800265	0.0
0.11102294921875	0.363525390625	0.10736083984375	0.111002410762012	0.0
0.133056640625	0.75537109375	0.105224609375	0.13303619204089046	0.0
0.09735107421875	-0.19677734375	0.07452392578125	0.09736021724529564	0.0
0.10626220703125	0.333251953125	0.08416748046875	0.10623964457772672	0.0
0.15625	1.986328125	0.1295166015625	0.15625933883711696	0.0
0.11712646484375	0.420166015625	0.0887451171875	0.11714040022343397	0.0
0.084228515625	-0.251953125	0.0545654296875	0.08421484939754009	0.0
0.11297607421875	0.3134765625	0.0948486328125	0.11295059905387461	0.0
0.09381103515625	-0.08319091796875	0.06817626953125	0.09382402151823044	0.0
0.10302734375	0.50048828125	0.076416015625	0.1030429070815444	0.0
0.1370849609375	1.46484375	0.08245849609375	0.13710730569437146	0.0
0.1470947265625	1.185546875	0.1197509765625	0.14714714069850743	0.0
0.1129150390625	0.297119140625	0.064208984375	0.11290625343099236	0.0
0.1553955078125	1.0322265625	0.110107421875	0.15535503206774592	0.0
0.10943603515625	-0.81591796875	0.10791015625	0.10945230862125754	0.0
0.07965087890625	-1.43359375	0.055755615234375	0.0796592403203249	0.0
0.129638671875	0.2880859375	0.0892333984375	0.12969733262434602	0.0
0.1630859375	1.470703125	0.1529541015625	0.16304309014230967	0.0
0.0902099609375	0.100830078125	0.05987548828125	0.09023067681118846	0.0
0.07147216796875	0.1123046875	0.05682373046875	0.07145645120181143	0.0
0.1534423828125	2.16015625	0.1414794921875	0.1533825471997261	0.0
0.1502685546875	2.259765625	0.1343994140625	0.15026904153637588	0.0
0.17626953125	2.166015625	0.148193359375	0.17629177821800113	0.0
0.1986083984375	2.279296875	0.178955078125	0.19859251286834478	0.0
0.1190185546875	-0.417236328125	0.091796875	0.11901578935794532	0.0
0.1434326171875	-0.18212890625	0.11114501953125	0.14344450156204402	0.0
0.11480712890625	-1.1953125	0.08251953125	0.11482558422721922	0.0
0.1427001953125	-0.55322265625	0.09832763671875	0.1426975701469928	0.0
0.09344482421875	-0.7880859375	0.08489990234375	0.09345392137765884	0.0
0.09832763671875	0.031707763671875	0.080322265625	0.09831355977803469	0.0
0.1448974609375	1.435546875	0.107666015625	0.14492295333184302	0.0
0.1639404296875	2.41796875	0.132568359375	0.16398193663917482	0.0
0.1300048828125	1.5693359375	0.0914306640625	0.129972817376256	0.0
0.16650390625	2.951171875	0.148681640625	0.16648571379482746	0.0
0.1549072265625	1.5439453125	0.1275634765625	0.15495801391080022	0.0
0.237548828125	4.0078125	0.205078125	0.23754188558086753	0.0
0.2083740234375	2.779296875	0.1668701171875	0.20832888269796968	0.0
0.1820068359375	1.5458984375	0.162841796875	0.18199056782759726	0.0
0.1297607421875	-0.2042236328125	0.1063232421875	0.12981472932733595	0.0
0.15673828125	-0.357666015625	0.11492919921875	0.1567042653914541	0.0
0.1207275390625	-1.2412109375	0.09832763671875	0.12071185442619026	0.0
0.1585693359375	-0.615234375	0.11334228515625	0.15854463074356318	0.0
0.19873046875	0.40234375	0.1455078125	0.19875686755403876	0.0
0.1607666015625	0.07208251953125	0.11279296875	0.16081882291473448	0.0
0.195068359375	1.1376953125	0.153076171875	0.19509523338638246	0.0
0.2481689453125	2.37109375	0.231689453125	0.2481410822365433	0.0
0.204345703125	1.37890625	0.1553955078125	0.2043881386052817	0.0
0.1976318359375	1.3544921875	0.145751953125	0.1976728057488799	0.0
0.200927734375	1.26171875	0.1480712890625	0.20093898591585457	0.0
0.181396484375	0.724609375	0.1285400390625	0.18142029596492648	0.0
0.265625	2.205078125	0.21337890625	0.2655481130350381	0.0
0.323974609375	3.259765625	0.211669921875	0.32386504230089486	0.0
0.23193359375	0.227783203125	0.16064453125	0.2319323371630162	0.0
0.2978515625	1.232421875	0.2054443359375	0.2978002435993403	0.0
0.34912109375	0.67138671875	0.2340087890625	0.34920556331053376	0.0
0.328857421875	0.50439453125	0.2125244140625	0.32882513105869293	0.0
0.41015625	1.337890625	0.264404296875	0.41015502833761275	0.0
0.50244140625	2.453125	0.30615234375	0.5024459366686642	0.0
0.408447265625	-1.4970703125	0.27490234375	0.4084948464296758	0.0
0.495361328125	0.445068359375	0.28955078125	0.4953704150393605	0.0
0.455810546875	-1.62109375	0.271728515625	0.455717132659629	0.0
0.6171875	2.095703125	0.2998046875	0.6170662681106478	0.0
0.5732421875	0.634765625	0.3251953125	0.5733643393032253	0.0
0.6591796875	1.7021484375	0.321533203125	0.6593315198551863	0.0
0.623046875	-0.654296875	0.280517578125	0.6228661036584526	0.0
0.81103515625	1.5517578125	0.38232421875	0.8108088634908199	0.0
0.87744140625	1.4462890625	0.27783203125	0.8776205978356302	0.0
0.83251953125	-1.978515625	0.332763671875	0.832737198099494	0.0
0.9580078125	-0.71337890625	0.35400390625	0.9581646644510329	0.0
0.83740234375	-3.32421875	0.334228515625	0.837221129797399	0.0
0.896484375	-0.391357421875	0.352783203125	0.8962403666228056	0.0
0.98095703125	1.84375	0.26806640625	0.9807395632378757	0.0
1.01953125	2.76953125	0.297119140625	1.0190902035683393	0.0
0.88232421875	-0.279541015625	0.27734375	0.8822176083922386	0.0
1.0068359375	1.1826171875	0.242431640625	1.0068263397552073	0.0
1.1123046875	0.98388671875	0.2100830078125	1.1125638261437416	0.0
1.169921875	0.1031494140625	0.265625	1.1698644100688398	0.0
1.181640625	-1.1806640625	0.242431640625	1.1817562580108643	0.0
1.1171875	-3.587890625	0.302001953125	1.117027753032744	0.0
1.2236328125	-0.83642578125	0.26171875	1.223621450830251	0.0
1.1982421875	-0.1279296875	0.2357177734375	1.197953854687512	0.0
1.2626953125	2.330078125	0.25439453125	1.262622826732695	0.0
1.2412109375	1.544921875	0.2626953125	1.2416253383271396	0.0
1.259765625	1.0732421875	0.281982421875	1.259805269073695	0.0
1.3896484375	1.48828125	0.287109375	1.3898533205501735	0.0
1.326171875	-1.2158203125	0.281005859375	1.3258689739741385	0.0
1.47265625	-0.49267578125	0.267822265625	1.4724026755429804	0.0
1.4560546875	-2.66015625	0.35400390625	1.4563436307944357	0.0
1.5556640625	-0.9775390625	0.2103271484375	1.5559792309068143	0.0
1.638671875	0.89208984375	0.308349609375	1.638841985259205	0.0
1.7177734375	1.6806640625	0.263916015625	1.7180903772823513	0.0
1.6240234375	-1.685546875	0.335205078125	1.6240575453266501	0.0
1.6181640625	-3.64453125	0.39111328125	1.6177865820936859	0.0
1.7744140625	0.77783203125	0.23095703125	1.7742079612798989	0.0
1.7841796875	0.85791015625	0.1949462890625	1.7845759284682572	0.0
1.71484375	-1.396484375	0.27197265625	1.71518774330616	0.0
1.9169921875	1.8896484375	0.253173828125	1.9170183488167822	0.0
1.8193359375	-1.9541015625	0.367431640625	1.8191143865697086	0.0
1.8828125	-2.32421875	0.486328125	1.8827408966608346	0.0
2.041015625	0.97509765625	0.206298828125	2.0419870857149363	0.0
2.146484375	1.7099609375	0.353515625	2.1466773729771376	0.0
2.146484375	-0.99072265625	0.22802734375	2.1470835944637656	0.0
2.212890625	-2.015625	0.337646484375	2.21292643295601	0.0
2.181640625	-2.58984375	0.272705078125	2.182172633241862	0.0
2.19921875	-1.3212890625	0.40869140625	2.198496002703905	0.0
2.31640625	1.86328125	0.3408203125	2.3161334404721856	0.0
2.25390625	0.57177734375	0.26513671875	2.2546138188336045	0.0
2.369140625	1.298828125	0.243408203125	2.3690268979407847	0.0
2.341796875	-1.26953125	0.297119140625	2.341366899665445	0.0
2.416015625	-1.541015625	0.289794921875	2.4151660120114684	0.0
2.49609375	-1.556640625	0.391845703125	2.4958629375323653	0.0
2.517578125	-1.1435546875	0.305908203125	2.5184872853569686	0.0
2.583984375	-0.044281005859375	0.286865234375	2.5845274259336293	0.0
2.451171875	-2.2578125	0.5146484375	2.4513325854204595	0.0
2.451171875	-1.6669921875	0.468505859375	2.4503916702233255	0.0
2.677734375	1.728515625	0.44140625	2.676856952253729	0.0
2.724609375	2.4140625	0.4306640625	2.7249976359307766	0.0
2.748046875	1.478515625	0.314453125	2.7470992412418127	0.0
2.669921875	-1.7158203125	0.34033203125	2.669221351388842	0.0
2.71484375	-2.923828125	0.322021484375	2.7143222289159894	0.0
2.60546875	-4.3125	0.666015625	2.6064137974753976	0.0
2.798828125	-0.7236328125	0.31298828125	2.798456904478371	0.0
2.474609375	-4.60546875	0.63134765625	2.4747623244766146	0.0
2.544921875	-2.70703125	1.0205078125	2.5443317187018692	0.0
2.892578125	3.62890625	0.5908203125	2.891675191000104	0.0
2.99609375	5.30859375	0.65087890625	2.9952545296400785	0.0
3.0234375	4.69140625	0.66259765625	3.0235178866423666	0.0
2.90234375	2.8828125	0.482421875	2.9022775031626225	0.0
2.990234375	1.5673828125	0.446044921875	2.990926993545145	0.0
2.9765625	-0.5537109375	0.26025390625	2.9765880266204476	0.0
3.09765625	-2.306640625	0.304443359375	3.0971003100275993	0.0
3.1328125	-2.5859375	0.352294921875	3.131896398961544	0.0
3.2890625	-1.1904296875	0.287841796875	3.2893220763653517	0.0
3.248046875	-1.7353515625	0.28857421875	3.2473337268456817	0.0
3.263671875	-0.421142578125	0.270751953125	3.2636941648088396	0.0
3.31640625	0.1993408203125	0.3095703125	3.316916463896632	0.0
3.140625	-1.7216796875	0.393310546875	3.140795329818502	0.0
3.212890625	-0.87158203125	0.324951171875	3.2122135711833835	0.0
3.271484375	-0.56787109375	0.353759765625	3.270820809993893	0.0
3.333984375	0.07745361328125	0.24365234375	3.3349439445883036	0.0
3.373046875	-0.95556640625	0.2376708984375	3.3735398799180984	0.0
3.4609375	-0.7216796875	0.1875	3.4617401817813516	0.0
3.4375	-1.595703125	0.211669921875	3.437204208225012	0.0
3.46484375	-1.4716796875	0.2261962890625	3.465578358620405	0.0
3.44140625	-1.1142578125	0.2958984375	3.4413889283314347	0.0
3.517578125	0.056121826171875	0.2352294921875	3.5182833187282085	0.0
3.6015625	0.62646484375	0.13525390625	3.601762618869543	0.0
3.580078125	-0.349853515625	0.208984375	3.5792420506477356	0.0
3.486328125	-2.11328125	0.47314453125	3.4855359503999352	0.0
3.658203125	-0.86328125	0.2484130859375	3.658700231462717	0.0
3.732421875	-0.5400390625	0.1854248046875	3.7325977347791195	0.0
3.8515625	-0.350341796875	0.2734375	3.851366363465786	0.0
3.849609375	-1.201171875	0.34130859375	3.850081082433462	0.0
3.85546875	-1.5576171875	0.325439453125	3.854881828650832	0.0
3.7890625	-1.896484375	0.331298828125	3.789101764559746	0.0
3.93359375	-0.457275390625	0.2266845703125	3.933658193796873	0.0
3.859375	-1.296875	0.353759765625	3.858912986703217	0.0
3.958984375	-0.1995849609375	0.384033203125	3.9581229486502707	0.0
3.8828125	-1.7080078125	0.45654296875	3.8831925950944424	0.0
4.0390625	-0.35888671875	0.29541015625	4.040271188132465	0.0
4.1328125	-0.2056884765625	0.244873046875	4.133563477545977	0.0
4.13671875	-1.443359375	0.31201171875	4.13532087020576	0.0
4.3203125	-0.61767578125	0.18896484375	4.320743419229984	0.0
4.33203125	-0.9990234375	0.2354736328125	4.332424413412809	0.0
4.34765625	-1.0859375	0.298583984375	4.346871418878436	0.0
4.31640625	-1.271484375	0.244384765625	4.317025629803538	0.0
4.41796875	-0.075927734375	0.2156982421875	4.418319968506694	0.0
4.4140625	-0.66455078125	0.2322998046875	4.41544452868402	0.0
4.4296875	-0.537109375	0.1492919921875	4.42870606482029	0.0
4.46484375	-0.65478515625	0.10736083984375	4.465060614049435	0.0
4.5	-0.5068359375	0.10003662109375	4.499736672267318	0.0
4.4375	-1.1455078125	0.1746826171875	4.437589738518	0.0
4.44921875	-1.2119140625	0.25341796875	4.448720854707062	0.0
4.51171875	0.212158203125	0.1187744140625	4.512258913367987	0.0
4.55078125	0.313720703125	0.1639404296875	4.5512650962919	0.0
4.65234375	-0.3115234375	0.35498046875	4.652022393420339	0.0
4.265625	-4.3515625	0.98828125	4.266330203041434	0.0
4.34765625	-3.50390625	1.1064453125	4.345734039321542	0.0
4.76171875	-1.1591796875	0.46435546875	4.763520319014788	0.0
4.953125	-0.1632080078125	0.25732421875	4.953789506107569	0.0
4.95703125	-0.35546875	0.1795654296875	4.956837926059961	0.0
5.0703125	-0.358154296875	0.08538818359375	5.068924570456147	0.0
5.04296875	-1.37109375	0.182373046875	5.041235815733671	0.0
5.0078125	-1.7177734375	0.30322265625	5.008359109982848	0.0
4.86328125	-3.994140625	0.91748046875	4.863520320504904	0.0
4.828125	-2.25	0.6103515625	4.828969217836857	0.0
4.76171875	-1.947265625	0.7578125	4.761457649990916	0.0
4.91796875	-0.9130859375	0.483154296875	4.918933803215623	0.0
4.84765625	-0.6474609375	0.45263671875	4.848386734724045	0.0
5.02734375	0.89013671875	0.3974609375	5.025837540626526	0.0
4.97265625	0.3828125	0.42333984375	4.973392376676202	0.0
5.03515625	0.2210693359375	0.271240234375	5.034923521801829	0.0
5.1328125	-0.00577545166015625	0.1507568359375	5.134296843782067	0.0
5.01171875	-1.578125	0.24267578125	5.01337150298059	0.0
5.09375	-1.544921875	0.2431640625	5.095098370686173	0.0
5.046875	-2.34375	0.32861328125	5.047296803444624	0.0
4.8984375	-2.806640625	0.669921875	4.897645328193903	0.0
4.9921875	-2.26171875	0.36279296875	4.991444090381265	0.0
5.06640625	-0.7900390625	0.1527099609375	5.064625224098563	0.0
4.94921875	-0.392578125	0.2646484375	4.950607646256685	0.0
5.06640625	0.21826171875	0.240966796875	5.065710758790374	0.0
5.1484375	0.90625	0.26025390625	5.146693199872971	0.0
5.05859375	0.35986328125	0.31494140625	5.059913709759712	0.0
5.09765625	0.44775390625	0.186279296875	5.096454618498683	0.0
5.0859375	-0.0450439453125	0.114013671875	5.086042478680611	0.0
4.97265625	-1.5341796875	0.376708984375	4.9723560605198145	0.0
5.04296875	-1.44140625	0.258056640625	5.041489869356155	0.0
5.0234375	-1.6640625	0.237548828125	5.024142445996404	0.0
4.99609375	-1.7568359375	0.2384033203125	4.996297065168619	0.0
5.0234375	-0.97998046875	0.2103271484375	5.02454868145287	0.0
5.078125	-0.319580078125	0.11871337890625	5.076520001515746	0.0
5.14453125	0.52197265625	0.101806640625	5.145306121557951	0.0
5.15625	0.6376953125	0.0999755859375	5.157124143093824	0.0
5.1484375	0.5751953125	0.072265625	5.148148201406002	0.0
5.0625	-0.33447265625	0.10552978515625	5.0635787062346935	0.0
5.125	-0.395751953125	0.0731201171875	5.126216389238834	0.0
5.09765625	-0.7734375	0.1041259765625	5.099059943109751	0.0
5.140625	-0.372314453125	0.04864501953125	5.139297921210527	0.0
5.140625	-0.2000732421875	0.0615234375	5.140484008938074	0.0
5.078125	-0.943359375	0.292236328125	5.077575117349625	0.0
5.14453125	0.273193359375	0.0523681640625	5.142912657931447	0.0
5.16015625	0.35546875	0.0526123046875	5.159183649346232	0.0
5.13671875	0.04022216796875	0.039398193359375	5.136759489774704	0.0
5.1328125	-0.505859375	0.0941162109375	5.1308805122971535	0.0
5.10546875	-0.80908203125	0.09368896484375	5.104650478810072	0.0
5.171875	-0.2274169921875	0.01580810546875	5.172548916190863	0.0
5.1640625	-0.12890625	0.01546478271484375	5.165106821805239	0.0
5.125	-0.1629638671875	0.06658935546875	5.125017700716853	0.0
5.17578125	0.1424560546875	0.054534912109375	5.1759058479219675	0.0
5.22265625	0.19482421875	0.02960205078125	5.222106516361237	0.0
5.2109375	-0.1988525390625	0.058441162109375	5.212558548897505	0.0
5.1015625	-1.1337890625	0.271240234375	5.100067084655166	0.0
5.21875	-0.595703125	0.107421875	5.2189472038298845	0.0
5.25390625	-0.1683349609375	0.01255035400390625	5.255409959703684	0.0
5.24609375	-0.10992431640625	0.02435302734375	5.245339073240757	0.0
5.265625	0.020477294921875	0.04327392578125	5.264156041666865	0.0
5.2421875	-0.1749267578125	0.058349609375	5.244014352560043	0.0
5.2265625	-0.55810546875	0.09918212890625	5.226296368986368	0.0
5.18359375	-1.1591796875	0.2349853515625	5.184867084957659	0.0
5.28125	-0.1163330078125	0.054290771484375	5.2800636775791645	0.0
5.27734375	-0.1451416015625	0.058685302734375	5.278289658948779	0.0
5.265625	-0.31103515625	0.0682373046875	5.264117877930403	0.0
5.29296875	-0.210693359375	0.01812744140625	5.291919246315956	0.0
5.29296875	-0.465576171875	0.06781005859375	5.294136049225926	0.0
5.26953125	-0.495849609375	0.1214599609375	5.2708295956254005	0.0
5.2890625	-0.107421875	0.02752685546875	5.289419570937753	0.0
5.26953125	-0.133056640625	0.034759521484375	5.270896108821034	0.0
5.2734375	-0.4013671875	0.080078125	5.274112153798342	0.0
5.2578125	-0.343505859375	0.08026123046875	5.2575510665774345	0.0
5.296875	-0.2469482421875	0.043487548828125	5.295096505433321	0.0
5.30859375	-0.2274169921875	0.03533935546875	5.308794790878892	0.0
5.32421875	-0.09344482421875	0.008697509765625	5.325091723352671	0.0
5.31640625	-0.13134765625	0.01088714599609375	5.316218387335539	0.0
5.33203125	-0.04962158203125	0.00693511962890625	5.333877861499786	0.0
5.3046875	-0.26123046875	0.03515625	5.30542909167707	0.0
5.31640625	-0.03753662109375	0.0103759765625	5.317124102264643	0.0
5.3125	-0.13916015625	0.024627685546875	5.311662070453167	0.0
5.3359375	-0.01425933837890625	0.0034351348876953125	5.33724046126008	0.0
5.28515625	-0.357421875	0.09722900390625	5.2835549134761095	0.0
5.3203125	-0.1270751953125	0.03607177734375	5.3190110474824905	0.0
5.33203125	-0.0498046875	0.007266998291015625	5.330418415367603	0.0
5.328125	-0.06243896484375	0.0079498291015625	5.32918631285429	0.0
5.33984375	-0.03173828125	0.002864837646484375	5.338934905827045	0.0
5.328125	-0.1405029296875	0.015716552734375	5.327762130647898	0.0
5.3203125	-0.20947265625	0.02178955078125	5.3211619183421135	0.0
5.33203125	-0.051666259765625	0.01451873779296875	5.331145986914635	0.0
5.3359375	-0.0224761962890625	0.0114898681640625	5.336355127394199	0.0
5.30859375	-0.1624755859375	0.0261688232421875	5.310447335243225	0.0
5.33203125	-0.038909912109375	0.005096435546875	5.3320300951600075	0.0
5.33984375	-0.027435302734375	0.0025997161865234375	5.338387329131365	0.0
5.328125	-0.178466796875	0.036285400390625	5.329826109111309	0.0
5.34765625	-0.0191650390625	0.0019893646240234375	5.34756388515234	0.0
5.3359375	-0.045074462890625	0.006134033203125	5.33499164506793	0.0
5.33203125	-0.06427001953125	0.00598907470703125	5.332011338323355	0.0
5.32421875	-0.0419921875	0.01885986328125	5.325248282402754	0.0
5.31640625	-0.245361328125	0.041778564453125	5.315683301538229	0.0
5.328125	-0.079833984375	0.014007568359375	5.328602179884911	0.0
5.34375	-0.0030117034912109375	0.00206756591796875	5.342094171792269	0.0
5.30859375	-0.2386474609375	0.0255279541015625	5.307552106678486	0.0
5.328125	-0.04571533203125	0.0036983489990234375	5.329330913722515	0.0
5.33203125	-0.016143798828125	0.0033702850341796875	5.3334331549704075	0.0
5.33984375	-0.0022830963134765625	0.002918243408203125	5.337991930544376	0.0
5.3359375	-0.066650390625	0.00753021240234375	5.334154792129993	0.0
5.3359375	-0.057037353515625	0.00569915771484375	5.337128169834614	0.0
5.3359375	-0.054168701171875	0.0068206787109375	5.335641842335463	0.0
5.33203125	-0.06280517578125	0.006671905517578125	5.333664547652006	0.0
5.34375	0.0089263916015625	0.0019235610961914062	5.344473917037249	0.0
5.328125	-0.11126708984375	0.020416259765625	5.327863300219178	0.0
5.33984375	-0.009185791015625	0.005096435546875	5.3402688056230545	0.0
5.328125	-0.1259765625	0.020355224609375	5.329475222155452	0.0
5.328125	-0.28271484375	0.03839111328125	5.329402012750506	0.0
5.33984375	-0.060821533203125	0.004581451416015625	5.341562818735838	0.0
5.33984375	-0.01451873779296875	0.004611968994140625	5.341562818735838	0.0
5.3359375	-0.1341552734375	0.006595611572265625	5.334455046802759	0.0
5.32421875	-0.09429931640625	0.023529052734375	5.3228720016777515	0.0
5.328125	-0.0838623046875	0.004810333251953125	5.326372362673283	0.0
5.33984375	-0.020660400390625	0.0027599334716796875	5.339919529855251	0.0
5.33203125	-0.04681396484375	0.004199981689453125	5.330207720398903	0.0
5.34375	-0.0309906005859375	0.0035266876220703125	5.342504650354385	0.0
5.33984375	-0.06060791015625	0.00213623046875	5.340947303920984	0.0
5.328125	-0.1854248046875	0.0216522216796875	5.327276665717363	0.0
5.33984375	-0.024810791015625	0.0022907257080078125	5.341071430593729	0.0
5.34765625	0.00472259521484375	0.0020618438720703125	5.345892056822777	0.0
5.33984375	-0.0170745849609375	0.002338409423828125	5.341071430593729	0.0
5.3359375	-0.145751953125	0.0083465576171875	5.334486145526171	0.0
5.34375	-0.04901123046875	0.00186920166015625	5.3423654437065125	0.0
5.3359375	-0.06365966796875	0.0026264190673828125	5.3375353962183	0.0
5.3515625	0.01338958740234375	0.0006608963012695312	5.35075518861413	0.0
5.3515625	0.01441192626953125	0.0005288124084472656	5.35075518861413	0.0
5.33984375	-0.1153564453125	0.0132904052734375	5.339959181845188	0.0
5.34375	-0.034027099609375	0.0017404556274414062	5.344483338296413	0.0
5.3359375	-0.1119384765625	0.00928497314453125	5.335851989686489	0.0
5.33984375	-0.039459228515625	0.00273895263671875	5.339358355849981	0.0
5.33984375	-0.0063934326171875	0.00514984130859375	5.340682834386826	0.0
5.33984375	-0.032989501953125	0.002841949462890625	5.339744333177805	0.0
5.32421875	-0.247314453125	0.0357666015625	5.324945457279682	0.0
5.34375	-0.0655517578125	0.004413604736328125	5.342405330389738	0.0
5.3359375	-0.12066650390625	0.03375244140625	5.334367364645004	0.0
5.34375	0.00701904296875	0.0041351318359375	5.345046438276768	0.0
5.3515625	0.01049041748046875	0.00042891502380371094	5.35075518861413	0.0
5.34765625	-0.02838134765625	0.0009737014770507812	5.346924219280481	0.0
5.328125	-0.2177734375	0.0203857421875	5.32779155112803	0.0
5.3359375	-0.233154296875	0.031341552734375	5.33510242216289	0.0
5.34375	0.00621795654296875	0.003459930419921875	5.344321426004171	0.0
5.34765625	0.0234832763671875	0.0015926361083984375	5.3490326926112175	0.0
5.3515625	-0.019012451171875	0.0005345344543457031	5.350153747946024	0.0
5.34765625	-0.0498046875	0.0016574859619140625	5.349337048828602	0.0
5.34375	-0.08392333984375	0.00567626953125	5.343105085194111	0.0
5.33203125	-0.1307373046875	0.00811004638671875	5.3327487744390965	0.0
5.33984375	0.024566650390625	0.00704193115234375	5.339246064424515	0.0
5.328125	-0.055633544921875	0.017181396484375	5.329207472503185	0.0
5.34765625	0.0100555419921875	0.001010894775390625	5.3490326926112175	0.0
5.3515625	-0.03094482421875	0.0008516311645507812	5.350603010505438	0.0
5.34765625	-0.060699462890625	0.0031566619873046875	5.347048345953226	0.0
5.34765625	-0.0380859375	0.0009608268737792969	5.348190180957317	0.0
5.34765625	0.035186767578125	0.002574920654296875	5.3492934331297874	0.0
5.34375	-0.0011444091796875	0.005146026611328125	5.343975648283958	0.0
5.33984375	-0.045501708984375	0.004886627197265625	5.339721228927374	0.0
5.32421875	-0.11981201171875	0.038726806640625	5.324835535138845	0.0
5.34375	-0.0260467529296875	0.001468658447265625	5.345478028059006	0.0
5.34765625	-0.01050567626953125	0.00128173828125	5.346896167844534	0.0
5.328125	-0.1422119140625	0.0228424072265625	5.3290875274688005	0.0
5.3515625	0.0178680419921875	0.0007653236389160156	5.35075518861413	0.0
5.3515625	0.013427734375	0.00011152029037475586	5.352173328399658	0.0
5.3515625	-0.0187225341796875	0.0004303455352783203	5.35075518861413	0.0
5.33984375	-0.09259033203125	0.006183624267578125	5.3381509110331535	0.0
5.34375	-0.03558349609375	0.0019893646240234375	5.342489570379257	0.0
5.34375	-0.0209197998046875	0.002368927001953125	5.3418056182563305	0.0
5.34765625	0.027252197265625	0.0015134811401367188	5.349337048828602	0.0
5.328125	-0.0797119140625	0.036376953125	5.32870988547802	0.0
5.34765625	-0.034454345703125	0.0013484954833984375	5.346743989735842	0.0
5.34765625	-0.0357666015625	0.0011882781982421875	5.347132336348295	0.0
5.33984375	-0.0621337890625	0.0050201416015625	5.3402688056230545	0.0
5.34375	-0.021331787109375	0.00160980224609375	5.343596301972866	0.0
5.34375	-0.0128173828125	0.0016021728515625	5.343748480081558	0.0
5.34375	-0.050201416015625	0.004413604736328125	5.342405330389738	0.0
5.34765625	-0.02764892578125	0.0011835098266601562	5.347048345953226	0.0
5.34765625	-0.0214080810546875	0.0005550384521484375	5.349337048828602	0.0
5.34375	-0.046142578125	0.001491546630859375	5.343935761600733	0.0
5.34375	-0.02618408203125	0.001251220703125	5.345082629472017	0.0
5.33984375	-0.0235443115234375	0.0019779205322265625	5.341637637466192	0.0
5.33984375	-0.1624755859375	0.0134124755859375	5.338388863950968	0.0
5.34375	-0.031463623046875	0.00420379638671875	5.343823470175266	0.0
5.3515625	-0.0010328292846679688	0.0002665519714355469	5.35075518861413	0.0
5.34765625	-0.04779052734375	0.0025043487548828125	5.346661373972893	0.0
5.34765625	-0.0132904052734375	0.00048065185546875	5.3496083207428455	0.0
5.34765625	-0.01995849609375	0.0009713172912597656	5.348314307630062	0.0
5.33984375	-0.081787109375	0.00475311279296875	5.340682834386826	0.0
5.34375	-0.029052734375	0.0018329620361328125	5.343932036310434	0.0
5.34765625	-0.002475738525390625	0.0006875991821289062	5.34918487071991	0.0
5.34375	-0.0323486328125	0.0019817352294921875	5.344455286860466	0.0
5.34765625	-0.04595947265625	0.001178741455078125	5.347165290266275	0.0
5.33203125	-0.1754150390625	0.03448486328125	5.33168326318264	0.0
5.34765625	0.006011962890625	0.0012884140014648438	5.3477667309343815	0.0
5.3515625	0.0180206298828125	0.000919342041015625	5.35075518861413	0.0
5.33203125	-0.041961669921875	0.0341796875	5.333101402968168	0.0
5.34375	-0.03076171875	0.0015583038330078125	5.345478028059006	0.0
5.3515625	-0.0046539306640625	0.00025582313537597656	5.35075518861413	0.0
5.33984375	-0.110107421875	0.0187225341796875	5.3387033473700285	0.0
5.3515625	0.0098114013671875	0.0005121231079101562	5.35075518861413	0.0
5.34375	-0.0238037109375	0.0013580322265625	5.344087939709425	0.0
5.3203125	-0.1490478515625	0.0472412109375	5.320339679718018	0.0
5.34765625	0.007190704345703125	0.0014057159423828125	5.346348591148853	0.0
5.34765625	0.00806427001953125	0.0013294219970703125	5.346772041171789	0.0
5.33203125	-0.04693603515625	0.0340576171875	5.333101402968168	0.0
5.328125	-0.185791015625	0.030181884765625	5.326636428013444	0.0
5.33984375	-0.05682373046875	0.005146026611328125	5.340116627514362	0.0
5.3359375	-0.04022216796875	0.005664825439453125	5.33755161985755	0.0
5.34765625	0.012176513671875	0.0008530616760253906	5.349337048828602	0.0
5.34765625	-0.025848388671875	0.0008592605590820312	5.347918909043074	0.0
5.34765625	-0.051849365234375	0.0016641616821289062	5.3465007692575455	0.0
5.34765625	-0.0242462158203125	0.0009202957153320312	5.3477667309343815	0.0
5.3359375	-0.17529296875	0.0135650634765625	5.334442276507616	0.0
5.3515625	0.04034423828125	0.0015630722045898438	5.351178638637066	0.0
5.34765625	-0.004787445068359375	0.0012807846069335938	5.346196413040161	0.0
5.33984375	-0.06390380859375	0.005062103271484375	5.341410640627146	0.0
5.34375	-0.0496826171875	0.0023670196533203125	5.343907710164785	0.0
5.34765625	-0.01468658447265625	0.0006866455078125	5.348190180957317	0.0
5.34765625	0.01007080078125	0.0015153884887695312	5.347048345953226	0.0
5.34765625	0.004634857177734375	0.0013437271118164062	5.34731961786747	0.0
5.33984375	-0.1038818359375	0.0188751220703125	5.338551169261336	0.0
5.34375	-0.0501708984375	0.003993988037109375	5.34482254832983	0.0
5.34375	-0.051727294921875	0.004322052001953125	5.342828780412674	0.0
5.33984375	-0.05255126953125	0.00460052490234375	5.341258462518454	0.0
5.33984375	-0.0579833984375	0.00518035888671875	5.33996444940567	0.0
5.34765625	-0.001567840576171875	0.0009431838989257812	5.347195491194725	0.0
5.34375	-0.0270233154296875	0.0012798309326171875	5.343940149992704	0.0
5.3515625	-0.0095367431640625	0.00018286705017089844	5.351178638637066	0.0
5.34765625	-0.018768310546875	0.0005602836608886719	5.348765809088945	0.0
5.34765625	-0.01280975341796875	0.0005049705505371094	5.348765809088945	0.0
5.34765625	-0.0083160400390625	0.0010328292846679688	5.346619863063097	0.0
5.34765625	-0.0191497802734375	0.0011091232299804688	5.34628040343523	0.0
5.33984375	-0.08197021484375	0.0119781494140625	5.34115444868803	0.0
5.34765625	-0.00787353515625	0.0005698204040527344	5.34918487071991	0.0
5.3515625	-0.00365447998046875	0.0003178119659423828	5.350603010505438	0.0
5.3515625	-0.006366729736328125	0.0002574920654296875	5.35075518861413	0.0
5.34375	-0.06103515625	0.00461578369140625	5.34318907558918	0.0
5.33984375	-0.062347412109375	0.004817962646484375	5.340530656278133	0.0
5.34765625	0.0012159347534179688	0.001407623291015625	5.347048345953226	0.0
5.33203125	-0.154052734375	0.014984130859375	5.331101156771183	0.0
5.34765625	0.0003674030303955078	0.0010137557983398438	5.347614552825689	0.0
5.34375	-0.02447509765625	0.001865386962890625	5.344607464969158	0.0
5.3515625	-0.01113128662109375	0.00027489662170410156	5.35075518861413	0.0
5.35546875	0.00911712646484375	0.0007371902465820312	5.354570593684912	0.0
5.34765625	-0.0157928466796875	0.00196075439453125	5.34944561123848	0.0
5.34765625	-0.015411376953125	0.0007543563842773438	5.347918909043074	0.0
5.34375	-0.0200958251953125	0.0013132095336914062	5.344930451363325	0.0
5.34375	-0.017974853515625	0.001605987548828125	5.343360133469105	0.0
5.34765625	-0.0215301513671875	0.001071929931640625	5.346348591148853	0.0
5.3515625	-0.00616455078125	0.0003135204315185547	5.350603010505438	0.0
5.33984375	-0.0908203125	0.007781982421875	5.340032387524843	0.0
5.34765625	-0.00018525123596191406	0.003757476806640625	5.3485017865896225	0.0
5.33984375	-0.139892578125	0.01306915283203125	5.339107248932123	0.0
5.3359375	-0.2205810546875	0.0235443115234375	5.33571488969028	0.0
5.33984375	-0.0673828125	0.0187225341796875	5.3387033473700285	0.0
5.34375	-0.045684814453125	0.00415802001953125	5.343975648283958	0.0
5.34765625	-0.020965576171875	0.0008883476257324219	5.346924219280481	0.0
5.3515625	-0.005588531494140625	3.2842159271240234e-05	5.352173328399658	0.0
5.34765625	-0.0309295654296875	0.0009107589721679688	5.3477667309343815	0.0
5.34375	-0.045806884765625	0.00443267822265625	5.342405330389738	0.0
5.33984375	-0.033905029296875	0.004673004150390625	5.341139368712902	0.0
5.34765625	-0.0009765625	0.00116729736328125	5.3477667309343815	0.0
5.34765625	-0.0110931396484375	0.0006256103515625	5.3490326926112175	0.0
5.34765625	-0.031341552734375	0.001068115234375	5.347918909043074	0.0
5.34765625	-0.038299560546875	0.0012578964233398438	5.3465007692575455	0.0
5.34765625	-0.004482269287109375	0.0006165504455566406	5.34918487071991	0.0
5.3515625	0.0157928466796875	0.000682830810546875	5.350603010505438	0.0
5.33984375	-0.044586181640625	0.002033233642578125	5.341647058725357	0.0
5.33984375	-0.07476806640625	0.0123138427734375	5.339736308902502	0.0
5.34765625	-0.0276031494140625	0.0010538101196289062	5.346348591148853	0.0
5.34765625	-0.0085601806640625	0.0009684562683105469	5.348466485738754	0.0
5.34375	-0.045196533203125	0.0018205642700195312	5.341941993683577	0.0
5.34765625	-0.01270294189453125	0.0007638931274414062	5.347918909043074	0.0
5.34765625	-0.0156707763671875	0.0007543563842773438	5.347918909043074	0.0
5.3515625	-0.01018524169921875	0.0003135204315185547	5.350603010505438	0.0
5.3515625	-0.008148193359375	0.0002601146697998047	5.35075518861413	0.0
5.34765625	-0.01491546630859375	0.0004420280456542969	5.3496083207428455	0.0
5.3515625	0.0037841796875	1.329183578491211e-05	5.352173328399658	0.0
5.3515625	0.0032100677490234375	7.569789886474609e-06	5.352173328399658	0.0
5.3515625	-0.00128936767578125	1.3709068298339844e-06	5.352173328399658	0.0
5.3515625	-0.005817413330078125	0.00014472007751464844	5.351178638637066	0.0
5.3515625	-0.00044536590576171875	1.7881393432617188e-07	5.352173328399658	0.0
5.34765625	-0.0458984375	0.003658294677734375	5.346811927855015	0.0
5.34765625	-0.0157623291015625	0.0009927749633789062	5.348314307630062	0.0
5.34765625	-0.0124969482421875	0.0005936622619628906	5.34918487071991	0.0
5.3515625	0.0018796920776367188	4.470348358154297e-06	5.352173328399658	0.0
5.34375	-0.0650634765625	0.00472259521484375	5.342253152281046	0.0
5.33984375	-0.0288543701171875	0.01168060302734375	5.338383913040161	0.0
5.3515625	0.0257415771484375	0.0006203651428222656	5.352173328399658	0.0
5.3515625	0.01488494873046875	0.00020825862884521484	5.352173328399658	0.0
5.3515625	-0.019134521484375	0.0004246234893798828	5.35075518861413	0.0
5.34765625	-0.0298309326171875	0.0014791488647460938	5.348466485738754	0.0
5.34765625	-0.01203155517578125	0.0005164146423339844	5.349337048828602	0.0
5.33984375	-0.05810546875	0.0128326416015625	5.340829744935036	0.0
5.3515625	0.032379150390625	0.0008473396301269531	5.352173328399658	0.0
5.3515625	0.0033245086669921875	7.987022399902344e-06	5.352173328399658	0.0
5.3515625	-0.0287933349609375	0.0005855560302734375	5.352173328399658	0.0
5.3515625	-0.044647216796875	0.0008993148803710938	5.349760498851538	0.0
